[[2.88706, 0.7258, 3.84667, 0.07067],
[3.16724, 0.70398, 4.55511, 0.0617],
[3.45436, 0.69152, 5.16313, 0.05566],
[3.75186, 0.68552, 3.60941, 0.08244],
[4.07281, 0.68361, 2.91186, 0.11022],
[4.5, 0.68376, 2.48564, 0.17186],
[4.55, 0.68378, 2.11169, 0.02367],
[5.28477, 0.68459, 1.87602, 0.39167],
[5.51058, 0.69506, 1.71105, 0.13211],
[5.74375, 0.71625, 1.55947, 0.15014],
[5.97747, 0.75405, 1.53195, 0.15455],
[6.19075, 0.80923, 1.53195, 0.14381],
[6.3764, 0.8815, 1.52207, 0.13088],
[6.53512, 0.96968, 1.43101, 0.12688],
[6.6686, 1.07269, 1.3, 0.1297],
[6.77675, 1.1902, 1.3, 0.12284],
[6.8612, 1.3204, 1.3, 0.11938],
[6.92288, 1.46166, 1.3, 0.11856],
[6.9605, 1.61306, 1.3, 0.12],
[6.96837, 1.7744, 1.3, 0.12426],
[6.9342, 1.94323, 1.32102, 0.13039],
[6.86049, 2.11166, 1.32102, 0.13917],
[6.73339, 2.26589, 1.66894, 0.11975],
[6.57264, 2.40042, 1.90427, 0.11008],
[6.38765, 2.51362, 2.15057, 0.10085],
[6.18599, 2.60613, 2.47519, 0.08963],
[5.97403, 2.68078, 3.05351, 0.07359],
[5.75669, 2.74279, 3.09623, 0.073],
[5.54805, 2.79344, 3.09623, 0.06934],
[5.34474, 2.85245, 3.09623, 0.06837],
[5.14568, 2.92055, 3.09623, 0.06795],
[4.95024, 2.99902, 3.09623, 0.06802],
[4.75785, 3.08893, 3.13354, 0.06777],
[4.56811, 3.19058, 3.06188, 0.0703],
[4.3807, 3.30349, 2.79505, 0.07828],
[4.19549, 3.42697, 2.59716, 0.08571],
[4.01245, 3.56045, 2.38874, 0.09484],
[3.83192, 3.70441, 2.22282, 0.10388],
[3.68152, 3.83533, 2.17242, 0.09179],
[3.53045, 3.95353, 2.17242, 0.0883],
[3.37798, 4.0586, 2.17242, 0.08523],
[3.22322, 4.15042, 2.17242, 0.08283],
[3.0649, 4.22829, 2.17242, 0.08122],
[2.90134, 4.29131, 2.11123, 0.08302],
[2.73089, 4.33923, 1.9588, 0.09039],
[2.55222, 4.37246, 1.76268, 0.1031],
[2.36327, 4.38976, 1.57691, 0.12033],
[2.16135, 4.38849, 1.57691, 0.12805],
[1.94257, 4.36247, 1.57691, 0.13972],
[1.70401, 4.30162, 1.57691, 0.15613],
[1.44925, 4.1873, 1.57691, 0.17707],
[1.20319, 3.99596, 1.57691, 0.19767],
[1.01439, 3.70539, 1.73093, 0.20019],
[0.91435, 3.35305, 2.10126, 0.17431],
[0.88845, 3.0257, 2.42686, 0.13531],
[0.90073, 2.76392, 2.42112, 0.10824],
[0.92864, 2.53256, 2.22898, 0.10454],
[0.96859, 2.31404, 2.03937, 0.10893],
[1.01933, 2.11009, 1.84055, 0.11418],
[1.08168, 1.91627, 1.63001, 0.12491],
[1.15576, 1.73305, 1.63001, 0.12124],
[1.2421, 1.56206, 1.63001, 0.11752],
[1.34138, 1.40473, 1.63001, 0.11413],
[1.45505, 1.26244, 1.63001, 0.11173],
[1.58641, 1.13709, 1.63001, 0.11139],
[1.74406, 1.03231, 1.94914, 0.09711],
[1.92588, 0.94287, 2.22268, 0.09117],
[2.13233, 0.86755, 2.50462, 0.08774],
[2.36374, 0.80649, 2.88226, 0.08304],
[2.61732, 0.7596, 3.37774, 0.07635]]