[[3.07692, 0.99324, 4.0, 0.03134],
[3.04689, 0.86681, 4.0, 0.03249],
[3.01542, 0.74039, 4.0, 0.03257],
[2.98243, 0.61414, 4.0, 0.03262],
[2.9478, 0.48824, 4.0, 0.03264],
[2.91142, 0.36286, 4.0, 0.03264],
[2.87319, 0.23812, 4.0, 0.03261],
[2.83307, 0.11416, 4.0, 0.03258],
[2.79101, -0.00895, 4.0, 0.03252],
[2.74704, -0.13111, 4.0, 0.03246],
[2.70128, -0.25229, 4.0, 0.03238],
[2.65391, -0.3725, 4.0, 0.0323],
[2.60524, -0.49183, 4.0, 0.03222],
[2.55553, -0.61039, 3.35501, 0.03832],
[2.505, -0.72828, 2.85818, 0.04488],
[2.45378, -0.84556, 2.4562, 0.0521],
[2.40608, -0.95296, 2.14888, 0.05469],
[2.3604, -1.05994, 1.88721, 0.06164],
[2.31861, -1.16614, 1.65516, 0.06895],
[2.28233, -1.27131, 1.44397, 0.07705],
[2.25299, -1.37526, 1.44397, 0.0748],
[2.23224, -1.47772, 1.44397, 0.0724],
[2.22165, -1.57826, 1.44397, 0.07001],
[2.22304, -1.67611, 1.44397, 0.06777],
[2.23863, -1.77004, 1.44397, 0.06594],
[2.27149, -1.85785, 1.44532, 0.06487],
[2.32076, -1.93818, 1.61638, 0.0583],
[2.38305, -2.0113, 1.75223, 0.05482],
[2.45669, -2.07718, 1.89956, 0.05201],
[2.54037, -2.1358, 2.061, 0.04957],
[2.63294, -2.18717, 2.26088, 0.04683],
[2.73317, -2.23153, 2.4775, 0.04424],
[2.83987, -2.2692, 2.72055, 0.04159],
[2.95188, -2.30059, 2.97091, 0.03915],
[3.06812, -2.32615, 3.28443, 0.03624],
[3.18747, -2.34651, 3.64898, 0.03318],
[3.30891, -2.36238, 4.0, 0.03062],
[3.43159, -2.37448, 4.0, 0.03082],
[3.55485, -2.3835, 4.0, 0.0309],
[3.67824, -2.39006, 4.0, 0.03089],
[3.80149, -2.39472, 4.0, 0.03083],
[3.92451, -2.39794, 4.0, 0.03077],
[4.04738, -2.40012, 4.0, 0.03072],
[4.1703, -2.40158, 4.0, 0.03073],
[4.29361, -2.40255, 4.0, 0.03083],
[4.41756, -2.4033, 4.0, 0.03099],
[4.54224, -2.40392, 4.0, 0.03117],
[4.66969, -2.40455, 4.0, 0.03186],
[4.79816, -2.40526, 4.0, 0.03212],
[4.92818, -2.40609, 4.0, 0.03251],
[5.06088, -2.40679, 4.0, 0.03318],
[5.19439, -2.4071, 4.0, 0.03338],
[5.3284, -2.4067, 4.0, 0.0335],
[5.46257, -2.40523, 4.0, 0.03354],
[5.59663, -2.40236, 4.0, 0.03352],
[5.73037, -2.39772, 4.0, 0.03345],
[5.86354, -2.39085, 3.93782, 0.03386],
[5.99591, -2.38146, 3.73734, 0.03551],
[6.12722, -2.36917, 3.56928, 0.03695],
[6.25721, -2.35375, 3.44934, 0.03795],
[6.38556, -2.33486, 3.39921, 0.03817],
[6.5119, -2.31217, 3.37153, 0.03807],
[6.63583, -2.2854, 3.23114, 0.03924],
[6.75696, -2.25432, 3.09192, 0.04044],
[6.8749, -2.21878, 2.97267, 0.04144],
[6.98935, -2.17874, 2.71845, 0.0446],
[7.10015, -2.13437, 2.44419, 0.04883],
[7.20721, -2.08588, 2.2054, 0.05329],
[7.31017, -2.0332, 1.97071, 0.05869],
[7.40865, -1.97628, 1.74451, 0.0652],
[7.50226, -1.91515, 1.54874, 0.07219],
[7.59009, -1.84943, 1.43223, 0.07659],
[7.67082, -1.77865, 1.43223, 0.07496],
[7.7429, -1.70248, 1.43223, 0.07322],
[7.80432, -1.62071, 1.43223, 0.07141],
[7.85231, -1.5334, 1.43223, 0.06956],
[7.88355, -1.44149, 1.43223, 0.06778],
[7.89564, -1.34756, 1.47374, 0.06426],
[7.89041, -1.25481, 1.51315, 0.06139],
[7.86964, -1.16548, 1.61587, 0.05676],
[7.83596, -1.08067, 1.72427, 0.05292],
[7.79142, -1.00085, 1.81402, 0.05039],
[7.73747, -0.92629, 1.81402, 0.05073],
[7.67462, -0.85754, 1.81402, 0.05135],
[7.60331, -0.79519, 1.81402, 0.05222],
[7.52288, -0.74085, 1.99688, 0.04861],
[7.43501, -0.69409, 2.20213, 0.0452],
[7.34103, -0.65431, 2.35227, 0.04338],
[7.24171, -0.62132, 2.51601, 0.0416],
[7.13774, -0.59484, 2.71766, 0.03947],
[7.02987, -0.57446, 2.91992, 0.0376],
[6.9187, -0.55979, 3.06428, 0.03659],
[6.80484, -0.55036, 2.79671, 0.04085],
[6.68886, -0.54566, 2.52377, 0.04599],
[6.57127, -0.54543, 2.27683, 0.05165],
[6.45655, -0.5405, 2.06296, 0.05566],
[6.34436, -0.53075, 1.82257, 0.06179],
[6.23512, -0.51565, 1.58244, 0.06969],
[6.12941, -0.49458, 1.39843, 0.07708],
[6.02802, -0.46673, 1.39843, 0.07518],
[5.93196, -0.4313, 1.39843, 0.07322],
[5.84242, -0.38753, 1.39843, 0.07127],
[5.76135, -0.33431, 1.39843, 0.06935],
[5.69187, -0.27036, 1.39843, 0.06753],
[5.63806, -0.19546, 1.5167, 0.0608],
[5.59763, -0.11363, 1.5167, 0.06018],
[5.57158, -0.0262, 1.55961, 0.0585],
[5.55976, 0.06513, 1.72889, 0.05326],
[5.56011, 0.15867, 1.76526, 0.05299],
[5.57283, 0.25356, 1.96414, 0.04874],
[5.59622, 0.34893, 2.1367, 0.04596],
[5.62924, 0.44425, 2.32114, 0.04346],
[5.67099, 0.53917, 2.53764, 0.04086],
[5.72054, 0.63343, 2.74683, 0.03877],
[5.77719, 0.72688, 2.97204, 0.03677],
[5.84025, 0.81938, 3.22392, 0.03473],
[5.90905, 0.91087, 3.52976, 0.03243],
[5.98286, 1.00133, 3.46007, 0.03374],
[6.06086, 1.09081, 3.08324, 0.0385],
[6.14226, 1.17942, 2.76469, 0.04352],
[6.22062, 1.26858, 2.52098, 0.04708],
[6.29545, 1.35853, 2.22073, 0.05269],
[6.36599, 1.44937, 1.97926, 0.05811],
[6.4315, 1.54118, 1.71437, 0.06579],
[6.49097, 1.63402, 1.49713, 0.07364],
[6.54335, 1.72789, 1.3, 0.08269],
[6.58772, 1.8227, 1.3, 0.08052],
[6.62246, 1.91829, 1.3, 0.07824],
[6.64589, 2.0143, 1.3, 0.07602],
[6.65529, 2.10996, 1.3, 0.07394],
[6.64748, 2.2036, 1.3, 0.07228],
[6.61849, 2.29144, 1.42848, 0.06475],
[6.57325, 2.3719, 1.56483, 0.05899],
[6.51516, 2.44466, 1.70593, 0.05458],
[6.44657, 2.50978, 1.84004, 0.0514],
[6.3691, 2.56735, 1.97566, 0.04885],
[6.28396, 2.6175, 2.13422, 0.0463],
[6.19223, 2.66054, 2.26473, 0.04474],
[6.0946, 2.69654, 2.40777, 0.04322],
[5.9917, 2.72566, 2.56672, 0.04167],
[5.88412, 2.74808, 2.74305, 0.04006],
[5.77246, 2.7641, 2.93596, 0.03842],
[5.65729, 2.77402, 3.14158, 0.0368],
[5.53917, 2.77821, 3.352, 0.03526],
[5.4187, 2.77703, 3.55453, 0.0339],
[5.29644, 2.77081, 3.73273, 0.03279],
[5.173, 2.75986, 3.8699, 0.03202],
[5.04896, 2.74441, 3.95534, 0.0316],
[4.92494, 2.72464, 3.91797, 0.03205],
[4.80151, 2.70069, 3.79139, 0.03316],
[4.6792, 2.67267, 3.54729, 0.03537],
[4.55846, 2.64076, 3.24432, 0.0385],
[4.43961, 2.6051, 2.95989, 0.04192],
[4.32292, 2.56581, 2.71947, 0.04527],
[4.20865, 2.52296, 2.38623, 0.05114],
[4.09709, 2.47647, 2.08067, 0.05809],
[3.98871, 2.42603, 2.07617, 0.05758],
[3.88418, 2.37113, 2.07617, 0.05687],
[3.7843, 2.31115, 2.07617, 0.05612],
[3.68987, 2.24551, 2.07617, 0.05539],
[3.60244, 2.17289, 2.07617, 0.05474],
[3.52419, 2.09156, 2.07617, 0.05436],
[3.45533, 2.00179, 2.30335, 0.04912],
[3.39438, 1.9052, 2.54703, 0.04484],
[3.3402, 1.80296, 2.81444, 0.04111],
[3.29182, 1.69597, 3.18058, 0.03692],
[3.24822, 1.58512, 3.53386, 0.03371],
[3.20865, 1.47102, 3.97386, 0.03039],
[3.1724, 1.35425, 4.0, 0.03057],
[3.13873, 1.2354, 4.0, 0.03088],
[3.1071, 1.1149, 4.0, 0.03114]]